%YAML:1.0
---
R: !!opencv-matrix
   rows: 3
   cols: 3
   dt: d
   data: [ 9.9999576161734360e-01, -6.3333894964354197e-04,
       2.8417651422428729e-03, 6.3165009984094832e-04,
       9.9999962340474280e-01, 5.9515420180888219e-04,
       -2.8421410063846513e-03, -5.9335667808179489e-04,
       9.9999578507229336e-01 ]
T: !!opencv-matrix
   rows: 3
   cols: 1
   dt: d
   data: [ -3.6995467094970473e-02, -5.2290006862950461e-04,
       -4.4776829178870669e-03 ]
R1: !!opencv-matrix
   rows: 3
   cols: 3
   dt: d
   data: [ 9.9232044475933523e-01, 1.3330399966415829e-02,
       1.2297331153291217e-01, -1.3363367297596986e-02,
       9.9991055122319084e-01, -5.5674680430413111e-04,
       -1.2296973337819680e-01, -1.0908662933507343e-03,
       9.9240982194032390e-01 ]
R2: !!opencv-matrix
   rows: 3
   cols: 3
   dt: d
   data: [ 9.9265725753419753e-01, 1.4030382337320825e-02,
       1.2014456889994943e-01, -1.3998175100438763e-02,
       9.9990140233913205e-01, -1.1120674865253170e-03,
       -1.2014832565851076e-01, -5.7790285146107540e-04,
       9.9275578359924488e-01 ]
P1: !!opencv-matrix
   rows: 3
   cols: 4
   dt: d
   data: [ 2.2822192738725479e+02, 0., 2.4963817024230957e+02, 0., 0.,
       2.2822192738725479e+02, 2.5897488403320312e+02, 0., 0., 0., 1.,
       0. ]
P2: !!opencv-matrix
   rows: 3
   cols: 4
   dt: d
   data: [ 2.2822192738725479e+02, 0., 2.4963817024230957e+02,
       -8.5056314663725274e+00, 0., 2.2822192738725479e+02,
       2.5897488403320312e+02, 0., 0., 0., 1., 0. ]
Q: !!opencv-matrix
   rows: 4
   cols: 4
   dt: d
   data: [ 1., 0., 0., -2.4963817024230957e+02, 0., 1., 0.,
       -2.5897488403320312e+02, 0., 0., 0., 2.2822192738725479e+02, 0.,
       0., 2.6831861724734075e+01, 0. ]
