%YAML:1.0
---
M1: !!opencv-matrix
   rows: 3
   cols: 3
   dt: d
   data: [ 2.6799349124093629e+02, 0., 3.4669646368860890e+02, 0.,
       2.6877851016638522e+02, 2.4051395350182094e+02, 0., 0., 1. ]
D1: !!opencv-matrix
   rows: 1
   cols: 14
   dt: d
   data: [ -2.4144028714174017e+00, -4.9051647363909101e+00,
       4.7367250157618621e-03, 3.8993070279076613e-03,
       2.3642213527335734e+01, -2.6458699320940595e+00,
       -3.7729026718823668e+00, 2.1794710759222106e+01, 0., 0., 0., 0.,
       0., 0. ]
M2: !!opencv-matrix
   rows: 3
   cols: 3
   dt: d
   data: [ 2.6705309670647125e+02, 0., 2.9404102117825227e+02, 0.,
       2.6769737800069839e+02, 2.7017969233045289e+02, 0., 0., 1. ]
D2: !!opencv-matrix
   rows: 1
   cols: 14
   dt: d
   data: [ -5.3886633830620250e+00, -1.0508519307794872e+01,
       3.7824770347236938e-03, 4.0623375479862146e-03,
       6.5364918289718759e+01, -5.6493969515137081e+00,
       -8.2198381768189233e+00, 6.0342954141729457e+01, 0., 0., 0., 0.,
       0., 0. ]
