%YAML:1.0
---
R: !!opencv-matrix
   rows: 3
   cols: 3
   dt: d
   data: [ 9.9989047091991645e-01, 5.3860264159591876e-04,
       -1.4790404684866369e-02, -1.2689477432722203e-04,
       9.9961285768241026e-01, 2.7822987864741244e-02,
       1.4799664228079622e-02, -2.7818063613410549e-02,
       9.9950343935152930e-01 ]
T: !!opencv-matrix
   rows: 3
   cols: 1
   dt: d
   data: [ -3.7166602434414761e-02, 1.5449007447507031e-04,
       6.7870781688630282e-04 ]
R1: !!opencv-matrix
   rows: 3
   cols: 3
   dt: d
   data: [ 9.9944547567899800e-01, -3.1079419069508243e-03,
       -3.3152403259557192e-02, 3.5683631180603208e-03,
       9.9989788435876548e-01, 1.3837905893679954e-02,
       3.3106010473008471e-02, -1.3948532251376636e-02,
       9.9935450692864403e-01 ]
R2: !!opencv-matrix
   rows: 3
   cols: 3
   dt: d
   data: [ 9.9982467085021698e-01, -4.1559620127841921e-03,
       -1.8258026700702413e-02, 3.9018516922136558e-03,
       9.9989534065558272e-01, -1.3931377843854153e-02,
       1.8314014104702365e-02, 1.3857695154842871e-02,
       9.9973624580304588e-01 ]
P1: !!opencv-matrix
   rows: 3
   cols: 4
   dt: d
   data: [ 2.6907266070848465e+02, 0., 3.3382134246826172e+02, 0., 0.,
       2.6907266070848465e+02, 2.4662164497375488e+02, 0., 0., 0., 1.,
       0. ]
P2: !!opencv-matrix
   rows: 3
   cols: 4
   dt: d
   data: [ 2.6907266070848465e+02, 0., 3.3382134246826172e+02,
       -1.0002270296069332e+01, 0., 2.6907266070848465e+02,
       2.4662164497375488e+02, 0., 0., 0., 1., 0. ]
Q: !!opencv-matrix
   rows: 4
   cols: 4
   dt: d
   data: [ 1., 0., 0., -3.3382134246826172e+02, 0., 1., 0.,
       -2.4662164497375488e+02, 0., 0., 0., 2.6907266070848465e+02, 0.,
       0., 2.6901158711360182e+01, 0. ]
