%YAML:1.0
---
M1: !!opencv-matrix
   rows: 3
   cols: 3
   dt: d
   data: [ 2.8029386317225686e+02, 0., 3.3813528944742330e+02, 0.,
       2.8031955052032049e+02, 2.4007133296660223e+02, 0., 0., 1. ]
D1: !!opencv-matrix
   rows: 1
   cols: 14
   dt: d
   data: [ 2.9741440661103924e-01, -3.0797106998388601e-01,
       1.1237103357208525e-02, -5.2882737617014751e-02,
       1.0048908617837413e-01, 0., 0., 0., 4.2692260868134220e-02,
       1.1351921640692146e-02, -2.1553528372159911e-03,
       -8.2137616608602085e-03, -8.9508605757527716e-03,
       -5.9541401897918345e-02 ]
M2: !!opencv-matrix
   rows: 3
   cols: 3
   dt: d
   data: [ 2.8088367806572950e+02, 0., 2.9015966695069386e+02, 0.,
       2.8039782546250206e+02, 2.6162158934076791e+02, 0., 0., 1. ]
D2: !!opencv-matrix
   rows: 1
   cols: 14
   dt: d
   data: [ 3.0413288549310535e-01, -3.7884219954249720e-01,
       9.3333726820877486e-03, 2.6188765469871171e-03,
       1.4103476342677498e-01, 0., 0., 0., -5.6557752798557228e-03,
       2.1125937628496288e-03, -1.2361781013211665e-02,
       1.7921730036053322e-03, -4.7875256457129686e-02,
       1.5420568387223900e-02 ]
