%YAML:1.0
---
calibration_time: "Sun 03 Nov 2019 05:55:56 PM EST"
nframes: 20
image_width: 640
image_height: 480
board_width: 9
board_height: 6
square_size: 2.3000000044703484e-02
flags: 4
camera_matrix: !!opencv-matrix
   rows: 3
   cols: 3
   dt: d
   data: [ 4.3605340763960601e+02, 0., 320., 0., 4.3179147402423706e+02,
       240., 0., 0., 1. ]
distortion_coefficients: !!opencv-matrix
   rows: 5
   cols: 1
   dt: d
   data: [ 5.9676581314015978e-03, 3.2101378179748501e-02,
       -2.4924471061637298e-03, -1.6128455326750264e-03, 0. ]
avg_reprojection_error: 4.6519157613072522e-02
per_view_reprojection_errors: !!opencv-matrix
   rows: 20
   cols: 1
   dt: f
   data: [ 5.05333990e-02, 4.37310077e-02, 5.56010418e-02,
       4.73662429e-02, 3.98816504e-02, 5.10429442e-02, 4.69520465e-02,
       4.44615595e-02, 5.34602478e-02, 4.42446694e-02, 4.62962724e-02,
       3.94156426e-02, 4.17359844e-02, 5.09687476e-02, 4.51953188e-02,
       4.90764976e-02, 4.44085300e-02, 4.80156951e-02, 3.94929573e-02,
       4.42905836e-02 ]
extrinsic_parameters: !!opencv-matrix
   rows: 20
   cols: 6
   dt: d
   data: [ 3.4227155878126881e-03, 9.2852618467775219e-02,
       3.1366348075120496e+00, 1.3348344543433019e-01,
       4.1095392573615920e-02, 2.8735570422132090e-01,
       3.0213371824860317e-03, 9.2634096343894343e-02,
       3.1365564692849244e+00, 1.3347893569048777e-01,
       4.1103606421140818e-02, 2.8737847680589840e-01,
       2.2808387642748061e-03, 9.3157695492128059e-02,
       3.1366699985201176e+00, 1.3350251559015255e-01,
       4.1083440853053800e-02, 2.8737735849013496e-01,
       2.7740533720582712e-03, 9.2438617327221306e-02,
       3.1365451418432810e+00, 1.3348583994876484e-01,
       4.1087318633722031e-02, 2.8739420269480415e-01,
       4.9459493853667748e-03, 9.2462988156011588e-02,
       3.1366141432509966e+00, 1.3342073636977328e-01,
       4.1090332945172899e-02, 2.8728983284616211e-01,
       6.1718414471567474e-03, 9.2177549344351628e-02,
       3.1365627032402572e+00, 1.3336534698976851e-01,
       4.1101892552157647e-02, 2.8725198045154393e-01,
       6.2331126309091173e-03, 9.2446125388425782e-02,
       3.1365516080701838e+00, 1.3335585299205394e-01,
       4.1108164147749683e-02, 2.8728088604390051e-01,
       4.5917588844815909e-03, 9.2695190343399972e-02,
       3.1365656343094299e+00, 1.3342992309126042e-01,
       4.1084130970474565e-02, 2.8730701815895160e-01,
       3.7976668474284866e-03, 9.2270793987157484e-02,
       3.1365523059676281e+00, 1.3346256264869252e-01,
       4.1076754606529486e-02, 2.8737257446152192e-01,
       4.8013233497624826e-03, 9.2756755600965357e-02,
       3.1365762968430433e+00, 1.3342085055074010e-01,
       4.1095983764487608e-02, 2.8729877582264884e-01,
       5.3892749250533598e-03, 9.3358447555407731e-02,
       3.1364773136285908e+00, 1.3339907257335526e-01,
       4.1098700017690469e-02, 2.8727960555581611e-01,
       4.1776338523375053e-03, 9.2531839664547796e-02,
       3.1365286745727037e+00, 1.3342902366354925e-01,
       4.1095508348487769e-02, 2.8735091210355190e-01,
       4.6651995128236664e-03, 9.2912391882738421e-02,
       3.1365511632572640e+00, 1.3342422612959190e-01,
       4.1089576034441459e-02, 2.8729803901638939e-01,
       4.8944536374094585e-03, 9.2970835125891854e-02,
       3.1365982139139090e+00, 1.3341710569634635e-01,
       4.1105535469054232e-02, 2.8730481390157048e-01,
       4.8344147127578358e-03, 9.2361770184260061e-02,
       3.1365718820442114e+00, 1.3342466593197175e-01,
       4.1094514629854875e-02, 2.8732875473867125e-01,
       4.3929274648281799e-03, 9.2733653499194588e-02,
       3.1364749903407594e+00, 1.3344818904503081e-01,
       4.1091695762499693e-02, 2.8735572884882782e-01,
       4.2266314119559561e-03, 9.2364010051323428e-02,
       3.1365774277346725e+00, 1.3344712189993349e-01,
       4.1094129721865741e-02, 2.8737420042538425e-01,
       4.3106501842146072e-03, 9.3316846863632619e-02,
       3.1366044373395847e+00, 1.3343387305111951e-01,
       4.1095834961609880e-02, 2.8730821186811834e-01,
       4.0531996586981606e-03, 9.2497406879815391e-02,
       3.1366031478142151e+00, 1.3344894392460391e-01,
       4.1100613965116030e-02, 2.8737478809523709e-01,
       3.9257041495016640e-03, 9.2689902456189452e-02,
       3.1365414803822258e+00, 1.3345828782585178e-01,
       4.1095035886122559e-02, 2.8735953450456853e-01 ]
